%: table_doi: 10.17182/hepdata.68361.v1/t7
%: name: Table 7
%: description: QpPb V0A.

%: data_file: Table7.yaml
%: keyword reactions: P PB --> CHARGED X
%: keyword observables: DN/DPT
%: keyword phrases: Inclusive | Single Differential Distribution | Transverse Momentum Dependence
%: $p_{T}$ (GeV/c)			$Q_{pPb}$
%: $p_{T}$ (GeV/c)			$Q_{pPb}$
%'$p_{T}$ (GeV/c)'	'$p_{T}$ (GeV/c) LOW'	'$p_{T}$ (GeV/c) HIGH'	'(60-80%)'	'stat +'	'stat -'	'sys +'	'sys -'	'sys	Common syst. unc. on TpA +'	'sys	Common syst. unc. on TpA -'	'sys	Common syst. unc. on Normalization +'	'sys	Common syst. unc. on Normalization -'
0.175	0.15	0.2	0.6024	0.0004	-0.0004	0.0586	-0.0586	0.034	-0.034	0.036	-0.036
0.225	0.2	0.25	0.5949	0.0003	-0.0003	0.0482	-0.0482	0.034	-0.034	0.036	-0.036
0.275	0.25	0.3	0.5936	0.0003	-0.0003	0.0483	-0.0483	0.034	-0.034	0.036	-0.036
0.32499999999999996	0.3	0.35	0.5927	0.0003	-0.0003	0.0506	-0.0506	0.034	-0.034	0.036	-0.036
0.375	0.35	0.4	0.5929	0.0003	-0.0003	0.0526	-0.0526	0.034	-0.034	0.036	-0.036
0.42500000000000004	0.4	0.45	0.5969	0.0003	-0.0003	0.0554	-0.0554	0.034	-0.034	0.036	-0.036
0.475	0.45	0.5	0.6035	0.0003	-0.0003	0.0556	-0.0556	0.034	-0.034	0.036	-0.036
0.525	0.5	0.55	0.6125	0.0004	-0.0004	0.0553	-0.0553	0.034	-0.034	0.036	-0.036
0.575	0.55	0.6	0.6211	0.0004	-0.0004	0.0549	-0.0549	0.034	-0.034	0.036	-0.036
0.625	0.6	0.65	0.6296	0.0004	-0.0004	0.0539	-0.0539	0.034	-0.034	0.036	-0.036
0.675	0.65	0.7	0.639	0.0005	-0.0005	0.0545	-0.0545	0.034	-0.034	0.036	-0.036
0.725	0.7	0.75	0.6482	0.0005	-0.0005	0.0552	-0.0552	0.034	-0.034	0.036	-0.036
0.775	0.75	0.8	0.6577	0.0005	-0.0005	0.0558	-0.0558	0.034	-0.034	0.036	-0.036
0.825	0.8	0.85	0.6658	0.0006	-0.0006	0.0562	-0.0562	0.034	-0.034	0.036	-0.036
0.875	0.85	0.9	0.6709	0.0006	-0.0006	0.0564	-0.0564	0.034	-0.034	0.036	-0.036
0.925	0.9	0.95	0.6755	0.0007	-0.0007	0.0566	-0.0566	0.034	-0.034	0.036	-0.036
0.975	0.95	1.0	0.6801	0.0007	-0.0007	0.0568	-0.0568	0.034	-0.034	0.036	-0.036
1.05	1.0	1.1	0.6918	0.0005	-0.0005	0.0578	-0.0578	0.034	-0.034	0.036	-0.036
1.15	1.1	1.2	0.7049	0.0006	-0.0006	0.0594	-0.0594	0.034	-0.034	0.036	-0.036
1.25	1.2	1.3	0.7146	0.0007	-0.0007	0.0631	-0.0631	0.034	-0.034	0.036	-0.036
1.35	1.3	1.4	0.7269	0.0008	-0.0008	0.0641	-0.0641	0.034	-0.034	0.036	-0.036
1.45	1.4	1.5	0.7359	0.0009	-0.0009	0.0617	-0.0617	0.034	-0.034	0.036	-0.036
1.55	1.5	1.6	0.7448	0.001	-0.001	0.0622	-0.0622	0.034	-0.034	0.036	-0.036
1.65	1.6	1.7	0.7495	0.0011	-0.0011	0.0637	-0.0637	0.034	-0.034	0.036	-0.036
1.75	1.7	1.8	0.7625	0.0013	-0.0013	0.0644	-0.0644	0.034	-0.034	0.036	-0.036
1.85	1.8	1.9	0.7702	0.0014	-0.0014	0.0642	-0.0642	0.034	-0.034	0.036	-0.036
1.95	1.9	2.0	0.7833	0.0016	-0.0016	0.0647	-0.0647	0.034	-0.034	0.036	-0.036
2.1	2.0	2.2	0.7894	0.0013	-0.0013	0.0651	-0.0651	0.034	-0.034	0.036	-0.036
2.3	2.2	2.4	0.8014	0.0015	-0.0015	0.0663	-0.0663	0.034	-0.034	0.036	-0.036
2.5	2.4	2.6	0.8147	0.0019	-0.0019	0.0672	-0.0672	0.034	-0.034	0.036	-0.036
2.7	2.6	2.8	0.8199	0.0021	-0.0021	0.0675	-0.0675	0.034	-0.034	0.036	-0.036
2.9	2.8	3.0	0.8266	0.0028	-0.0028	0.068	-0.068	0.034	-0.034	0.036	-0.036
3.1	3.0	3.2	0.828	0.0028	-0.0028	0.0681	-0.0681	0.034	-0.034	0.036	-0.036
3.3	3.2	3.4	0.8329	0.0032	-0.0032	0.0685	-0.0685	0.034	-0.034	0.036	-0.036
3.5	3.4	3.6	0.8303	0.0036	-0.0036	0.0682	-0.0682	0.034	-0.034	0.036	-0.036
3.7	3.6	3.8	0.8319	0.0041	-0.0041	0.0682	-0.0682	0.034	-0.034	0.036	-0.036
3.9	3.8	4.0	0.8454	0.0046	-0.0046	0.0694	-0.0694	0.034	-0.034	0.036	-0.036
4.25	4.0	4.5	0.8613	0.0039	-0.0039	0.0707	-0.0707	0.034	-0.034	0.036	-0.036
4.75	4.5	5.0	0.8576	0.0048	-0.0048	0.0703	-0.0703	0.034	-0.034	0.036	-0.036
5.25	5.0	5.5	0.8607	0.0059	-0.0059	0.0748	-0.0748	0.034	-0.034	0.036	-0.036
5.75	5.5	6.0	0.8708	0.0075	-0.0075	0.0749	-0.0749	0.034	-0.034	0.036	-0.036
6.25	6.0	6.5	0.8784	0.0093	-0.0093	0.0749	-0.0749	0.034	-0.034	0.036	-0.036
6.75	6.5	7.0	0.876	0.0112	-0.0112	0.0741	-0.0741	0.034	-0.034	0.036	-0.036
7.5	7.0	8.0	0.8774	0.0103	-0.0103	0.074	-0.074	0.034	-0.034	0.036	-0.036
8.5	8.0	9.0	0.8832	0.0142	-0.0142	0.0745	-0.0745	0.034	-0.034	0.036	-0.036
9.5	9.0	10.0	0.8723	0.0186	-0.0186	0.0734	-0.0734	0.034	-0.034	0.036	-0.036
10.5	10.0	11.0	0.8421	0.0223	-0.0223	0.0711	-0.0711	0.034	-0.034	0.036	-0.036
11.5	11.0	12.0	0.9393	0.0294	-0.0294	0.0797	-0.0797	0.034	-0.034	0.036	-0.036
12.5	12.0	13.0	0.8734	0.0351	-0.0351	0.0725	-0.0725	0.034	-0.034	0.036	-0.036
13.5	13.0	14.0	0.8691	0.0421	-0.0421	0.0728	-0.0728	0.034	-0.034	0.036	-0.036
14.5	14.0	15.0	0.9865	0.0547	-0.0547	0.0842	-0.0842	0.034	-0.034	0.036	-0.036
15.5	15.0	16.0	0.9548	0.0632	-0.0632	0.081	-0.081	0.034	-0.034	0.036	-0.036
17.0	16.0	18.0	0.805	0.051	-0.051	0.0695	-0.0695	0.034	-0.034	0.036	-0.036
19.0	18.0	20.0	0.9416	0.0755	-0.0755	0.0843	-0.0843	0.034	-0.034	0.036	-0.036
21.0	20.0	22.0	0.9583	0.0959	-0.0959	0.086	-0.086	0.034	-0.034	0.036	-0.036
23.0	22.0	24.0	1.3484	0.1416	-0.1416	0.1225	-0.1225	0.034	-0.034	0.036	-0.036
26.0	24.0	28.0	1.0197	0.2336	-0.2336	0.1307	-0.1307	0.034	-0.034	0.036	-0.036
30.0	28.0	32.0	0.8306	0.3055	-0.3055	0.1134	-0.1134	0.034	-0.034	0.036	-0.036
